Date,Administered,Administered_daily
2020-12-14,0,0.0
2020-12-15,0,0.0
2020-12-16,0,0.0
2020-12-17,0,0.0
2020-12-18,0,0.0
2020-12-19,0,0.0
2020-12-20,0,0.0
2020-12-21,0,0.0
2020-12-22,17878,17878.0
2020-12-23,21433,3555.0
2020-12-24,26971,5538.0
2020-12-25,31653,4682.0
2020-12-26,33218,1565.0
2020-12-27,33933,715.0
2020-12-28,34151,218.0
2020-12-29,36689,2538.0
2020-12-30,40678,3989.0
2020-12-31,44351,3673.0
2021-01-01,46687,2336.0
2021-01-02,46687,0.0
2021-01-03,49589,2902.0
2021-01-04,49693,104.0
2021-01-05,54973,5280.0
2021-01-06,64664,9691.0
2021-01-07,78608,13944.0
2021-01-08,94483,15875.0
2021-01-09,113470,18987.0
2021-01-10,129591,16121.0
2021-01-11,142771,13180.0
2021-01-12,156186,13415.0
2021-01-13,175811,19625.0
2021-01-14,197967,22156.0
2021-01-15,219664,21697.0
2021-01-16,219664,0.0
2021-01-17,219664,0.0
2021-01-18,255591,35927.0
2021-01-19,264400,8809.0
2021-01-20,264400,0.0
2021-01-21,279398,14998.0
2021-01-22,297655,18257.0
2021-01-23,315023,17368.0
2021-01-24,334086,19063.0
2021-01-25,341447,7361.0
2021-01-26,345675,4228.0
2021-01-27,358746,13071.0
2021-01-28,375895,17149.0
2021-01-29,398312,22417.0
2021-01-30,420908,22596.0
2021-01-31,443715,22807.0
2021-02-01,463179,19464.0
2021-02-02,476014,12835.0
2021-02-03,488960,12946.0
2021-02-04,509982,21022.0
2021-02-05,536404,26422.0
2021-02-06,570731,34327.0
2021-02-07,599941,29210.0
2021-02-08,614041,14100.0
2021-02-09,619729,5688.0
2021-02-10,639019,19290.0
2021-02-11,639019,0.0
2021-02-13,735622,34512.0
2021-02-14,769155,33533.0
2021-02-15,780048,10893.0
2021-02-16,784976,4928.0
2021-02-17,791574,6598.0
2021-02-18,795511,3937.0
2021-02-20,877683,18118.0
2021-02-21,894519,16836.0
2021-02-22,903226,8707.0
2021-02-23,907334,4108.0
2021-02-24,920794,13460.0
2021-02-25,943419,22625.0
2021-02-26,978234,34815.0
2021-03-01,1076576,19601.0
2021-03-02,1084499,7923.0
2021-03-03,1107626,23127.0
2021-03-04,1139071,31445.0
2021-03-06,1179915,777.0
2021-03-07,1180945,1030.0
2021-03-09,1286353,8464.0
2021-03-10,1309279,22926.0
2021-03-11,1340630,31351.0
2021-03-14,1464377,118.0
2021-03-15,1484459,20082.0
2021-03-16,1494482,10023.0
2021-03-17,1519050,24568.0
2021-03-18,1519659,609.0
2021-03-21,1664443,35006.0
2021-03-22,1688633,24190.0
2021-03-23,1695779,7146.0
2021-03-24,1725080,29301.0
2021-03-25,1756494,31414.0
2021-03-26,1793002,36508.0
2021-03-29,1911134,28944.0
2021-03-30,1920242,9108.0
2021-04-04,2116985,23090.0
2021-04-05,2131488,14503.0
2021-04-06,2134372,2884.0
2021-04-07,2161015,26643.0
2021-04-12,2334618,17469.0
2021-04-13,2345503,10885.0
2021-04-14,2355526,10023.0
2021-04-16,2427942,33653.0
2021-04-17,2460469,32527.0
2021-04-18,2489654,29185.0
2021-04-19,2507009,17355.0
2021-04-20,2517042,10033.0
2021-04-21,2540302,23260.0
2021-04-22,2567548,27246.0
2021-04-23,2597790,30242.0
2021-04-24,2624038,26248.0
2021-04-25,2648411,24373.0
2021-04-26,2660514,12103.0
2021-04-27,2666718,6204.0
2021-04-28,2686441,19723.0
2021-04-29,2708187,21746.0
2021-04-30,2708891,704.0
2021-05-01,2709800,909.0
2021-05-02,2710055,255.0
2021-05-03,2730594,20539.0
2021-05-04,2733324,2730.0
2021-05-05,2733787,463.0
2021-05-07,2830235,17716.0
2021-05-08,2830772,537.0
2021-05-09,2861659,30887.0
2021-05-10,2870888,9229.0
2021-05-11,2876507,5619.0
2021-05-12,2888086,11579.0
2021-05-13,2900359,12273.0
2021-05-14,2912089,11730.0
2021-05-15,2924921,12832.0
2021-05-16,2925419,498.0
2021-05-17,2925540,121.0
2021-05-18,2949415,23875.0
2021-05-19,2959952,10537.0
2021-05-20,2972438,12486.0
2021-05-21,2987625,15187.0
2021-05-22,3005269,17644.0
2021-05-23,3016273,11004.0
2021-05-24,3022829,6556.0
2021-05-25,3026351,3522.0
2021-05-26,3036128,9777.0
2021-05-27,3048106,11978.0
2021-05-28,3058019,9913.0
2021-05-29,3069547,11528.0
2021-05-30,3082438,12891.0
2021-05-31,3082449,11.0
2021-06-01,3091340,8891.0
2021-06-02,3095398,4058.0
2021-06-03,3103075,7677.0
2021-06-04,3112365,9290.0
2021-06-05,3124501,12136.0
2021-06-06,3124589,88.0
2021-06-07,3143283,18694.0
2021-06-08,3147407,4124.0
2021-06-09,3157002,9595.0
2021-06-10,3168577,11575.0
2021-06-11,3168604,27.0
2021-06-12,3181695,13091.0
2021-06-13,3193220,11525.0
2021-06-14,3220731,27511.0
2021-06-15,3225937,5206.0
2021-06-16,3237207,11270.0
2021-06-17,3247015,9808.0
2021-06-18,3255498,8483.0
2021-06-19,3265742,10244.0
2021-06-20,3272827,7085.0
2021-06-21,3278754,5927.0
2021-06-22,3281534,2780.0
2021-06-23,3287166,5632.0
2021-06-24,3295157,7991.0
2021-06-25,3308560,13403.0
2021-06-26,3308966,406.0
2021-06-27,3320189,11223.0
2021-06-28,3330603,10414.0
2021-06-29,3333095,2492.0
2021-06-30,3339493,6398.0
2021-07-02,3388166,7945.0
2021-07-03,3404179,16013.0
2021-07-04,3404238,59.0
2021-07-05,3404244,6.0
2021-07-06,3416781,12537.0
2021-07-07,3419127,2346.0
2021-07-08,3425960,6833.0
2021-07-09,3433043,7083.0
2021-07-10,3439895,6852.0
2021-07-11,3447707,7812.0
2021-07-12,3451962,4255.0
2021-07-13,3454831,2869.0
2021-07-14,3460364,5533.0
2021-07-15,3467349,6985.0
2021-07-16,3475775,8426.0
2021-07-17,3483711,7936.0
2021-07-18,3483827,116.0
2021-07-19,3499143,15316.0
2021-07-20,3502545,3402.0
2021-07-21,3510623,8078.0
2021-07-22,3521380,10757.0
2021-07-23,3533095,11715.0
2021-07-24,3546411,13316.0
2021-07-25,3562082,15671.0
2021-07-26,3572685,10603.0
2021-07-27,3579572,6887.0
2021-07-28,3592125,12553.0
2021-07-29,3609644,17519.0
2021-07-30,3627596,17952.0
2021-07-31,3646097,18501.0
2021-08-01,3664260,18163.0
2021-08-02,3676853,12593.0
2021-08-03,3676875,22.0
2021-08-04,3698745,21870.0
2021-08-05,3698963,218.0
2021-08-07,3760684,21333.0
2021-08-08,3783465,22781.0
2021-08-09,3796705,13240.0
2021-08-10,3805136,8431.0
2021-08-11,3820920,15784.0
2021-08-12,3836597,15677.0
2021-08-13,3836852,255.0
2021-08-15,3890510,106.0
2021-08-16,3926754,36244.0
2021-08-17,3938931,12177.0
2021-08-18,3957850,18919.0
2021-08-19,3981091,23241.0
2021-08-20,4004783,23692.0
2021-08-21,4029723,24940.0
2021-08-22,4055363,25640.0
2021-08-23,4071444,16081.0
2021-08-24,4081272,9828.0
2021-08-25,4099997,18725.0
2021-08-26,4123761,23764.0
2021-08-27,4147003,23242.0
2021-08-28,4171284,24281.0
2021-08-29,4194490,23206.0
2021-08-30,4194577,87.0
2021-08-31,4194618,41.0
2021-09-01,4208862,14244.0
2021-09-02,4209058,196.0
2021-09-04,4266101,19571.0
2021-09-05,4266226,125.0
2021-09-06,4281832,15606.0
2021-09-07,4285260,3428.0
2021-09-08,4289035,3775.0
2021-09-09,4299113,10078.0
2021-09-10,4312857,13744.0
2021-09-11,4326568,13711.0
2021-09-12,4340686,14118.0
2021-09-13,4347654,6968.0
2021-09-14,4351623,3969.0
2021-09-15,4362761,11138.0
2021-09-16,4377171,14410.0
2021-09-17,4388957,11786.0
2021-09-18,4403876,14919.0
2021-09-19,4418145,14269.0
2021-09-20,4425281,7136.0
2021-09-21,4429465,4184.0
2021-09-22,4438980,9515.0
2021-09-23,4450410,11430.0
2021-09-24,4460106,9696.0
2021-09-25,4470968,10862.0
2021-09-26,4482478,11510.0
2021-09-27,4489027,6549.0
2021-09-28,4493604,4577.0
2021-09-29,4505451,11847.0
2021-09-30,4518953,13502.0
2021-10-01,4533166,14213.0
2021-10-02,4547557,14391.0
2021-10-03,4568211,20654.0
2021-10-04,4580498,12287.0
2021-10-05,4584827,4329.0
2021-10-06,4596693,11866.0
2021-10-07,4609137,12444.0
2021-10-08,4623927,14790.0
2021-10-09,4638164,14237.0
2021-10-10,4638613,449.0
2021-10-11,4659022,20409.0
2021-10-12,4661783,2761.0
2021-10-13,4675280,13497.0
2021-10-14,4690800,15520.0
2021-10-15,4702557,11757.0
2021-10-16,4717707,15150.0
2021-10-17,4730464,12757.0
2021-10-18,4735942,5478.0
2021-10-19,4738941,2999.0
2021-10-20,4747194,8253.0
2021-10-21,4757889,10695.0
2021-10-22,4767678,9789.0
2021-10-23,4779169,11491.0
2021-10-24,4791611,12442.0
2021-10-25,4797565,5954.0
2021-10-26,4801994,4429.0
2021-10-27,4815169,13175.0
2021-10-28,4831989,16820.0
2021-10-29,4847163,15174.0
2021-10-30,4866322,19159.0
2021-10-31,4883767,17445.0
2021-11-01,4883872,105.0
2021-11-02,4888184,4312.0
2021-11-03,4901061,12877.0
2021-11-04,4914606,13545.0
2021-11-05,4922556,7950.0
2021-11-06,4937506,14950.0
2021-11-07,4954751,17245.0
2021-11-08,4964441,9690.0
2021-11-09,4967426,2985.0
2021-11-10,4978892,11466.0
2021-11-11,4996847,17955.0
2021-11-12,5011856,15009.0
2021-11-13,5026671,14815.0
2021-11-14,5042319,15648.0
2021-11-15,5050305,7986.0
2021-11-16,5053736,3431.0
2021-11-17,5064998,11262.0
2021-11-18,5081041,16043.0
2021-11-19,5096864,15823.0
2021-11-20,5114572,17708.0
2021-11-21,5132676,18104.0
2021-11-22,5141282,8606.0
2021-11-23,5146002,4720.0
2021-11-24,5162105,16103.0
2021-11-25,5162105,0.0
2021-11-26,5162105,0.0
2021-11-27,5162105,0.0
2021-11-28,5162105,0.0
2021-11-30,5216884,4441.0
2021-12-01,5233853,16969.0
2021-12-02,5255044,21191.0
2021-12-03,5255554,510.0
2021-12-04,5283707,28153.0
2021-12-05,5306686,22979.0
2021-12-06,5318977,12291.0
2021-12-07,5325498,6521.0
2021-12-08,5341225,15727.0
2021-12-09,5360696,19471.0
2021-12-10,5378540,17844.0
2021-12-11,5398167,19627.0
2021-12-12,5416825,18658.0
2021-12-13,5426283,9458.0
2021-12-14,5429610,3327.0
2021-12-15,5444169,14559.0
2021-12-16,5460697,16528.0
2021-12-17,5474498,13801.0
2021-12-18,5489381,14883.0
2021-12-19,5505617,16236.0
2021-12-20,5514929,9312.0
2021-12-21,5519379,4450.0
2021-12-22,5534200,14821.0
2021-12-23,5556360,22160.0
2021-12-24,5576665,20305.0
2021-12-25,5593832,17167.0
2021-12-26,5599578,5746.0
2021-12-27,5601876,2298.0
2021-12-28,5603620,1744.0
2021-12-29,5615435,11815.0
2021-12-30,5633478,18043.0
2021-12-31,5651941,18463.0
2022-01-01,5671632,19691.0
2022-01-02,5671632,0.0
2022-01-03,5685622,13990.0
2022-01-04,5687950,2328.0
2022-01-05,5699580,11630.0
2022-01-06,5713570,13990.0
2022-01-07,5728450,14880.0
2022-01-08,5743417,14967.0
2022-01-09,5758595,15178.0
2022-01-10,5767837,9242.0
2022-01-11,5772213,4376.0
2022-01-12,5782790,10577.0
2022-01-13,5794562,11772.0
2022-01-14,5807341,12779.0
2022-01-15,5819748,12407.0
2022-01-16,5832030,12282.0
2022-01-17,5837993,5963.0
2022-01-18,5840888,2895.0
2022-01-19,5847517,6629.0
2022-01-20,5857055,9538.0
2022-01-21,5866023,8968.0
2022-01-22,5874727,8704.0
2022-01-23,5882950,8223.0
2022-01-24,5887342,4392.0
2022-01-25,5889679,2337.0
2022-01-26,5895914,6235.0
2022-01-27,5903012,7098.0
2022-01-28,5910918,7906.0
2022-01-29,5918717,7799.0
2022-01-30,5926688,7971.0
2022-01-31,5931070,4382.0
2022-02-01,5932919,1849.0
2022-02-02,5939051,6132.0
2022-02-03,5945420,6369.0
2022-02-04,5952024,6604.0
2022-02-05,5957727,5703.0
2022-02-06,5974055,16328.0
2022-02-07,5976804,2749.0
2022-02-08,5978292,1488.0
2022-02-09,5982521,4229.0
2022-02-10,5987429,4908.0
2022-02-11,5992569,5140.0
2022-02-12,5997743,5174.0
2022-02-13,6002657,4914.0
2022-02-14,6004774,2117.0
2022-02-15,6005663,889.0
2022-02-16,6008913,3250.0
2022-02-17,6025656,16743.0
2022-02-18,6029777,4121.0
2022-02-19,6033960,4183.0
2022-02-20,6036269,2309.0
2022-02-21,6037348,1079.0
2022-02-22,6037831,483.0
2022-02-23,6037831,0.0
2022-02-24,6037879,48.0
2022-02-25,6048270,10391.0
2022-02-26,6051749,3479.0
2022-02-27,6055668,3919.0
2022-02-28,6057546,1878.0
2022-03-01,6057725,179.0
2022-03-02,6062015,4290.0
2022-03-03,6064173,2158.0
2022-03-04,6067075,2902.0
2022-03-05,6070338,3263.0
2022-03-06,6073703,3365.0
2022-03-07,6075240,1537.0
2022-03-08,6076092,852.0
2022-03-09,6078577,2485.0
2022-03-10,6089784,11207.0
2022-03-11,6099188,9404.0
2022-03-12,6102190,3002.0
2022-03-13,6105117,2927.0
2022-03-14,6106598,1481.0
2022-03-15,6107603,1005.0
2022-03-16,6110191,2588.0
2022-03-17,6113102,2911.0
2022-03-18,6116269,3167.0
2022-03-19,6118908,2639.0
2022-03-20,6121661,2753.0
2022-03-21,6122888,1227.0
2022-03-22,6123634,746.0
2022-03-23,6130034,6400.0
2022-03-24,6132103,2069.0
2022-03-25,6134309,2206.0
2022-03-26,6136514,2205.0
2022-03-27,6138818,2304.0
2022-03-28,6139949,1131.0
2022-03-29,6140474,525.0
2022-03-30,6142166,1692.0
2022-03-31,6144459,2293.0
2022-04-01,6146860,2401.0
2022-04-02,6150499,3639.0
2022-04-03,6155846,5347.0
2022-04-04,6157930,2084.0
2022-04-05,6159105,1175.0
2022-04-06,6162352,3247.0
2022-04-07,6166697,4345.0
2022-04-08,6170725,4028.0
2022-04-09,6175564,4839.0
2022-04-10,6180020,4456.0
2022-04-11,6182190,2170.0
2022-04-12,6183394,1204.0
2022-04-13,6183546,152.0
2022-04-14,6188554,5008.0
2022-04-15,6193380,4826.0
2022-04-16,6197950,4570.0
2022-04-17,6200774,2824.0
2022-04-18,6202318,1544.0
2022-04-19,6203120,802.0
2022-04-20,6206265,3145.0
2022-04-21,6210712,4447.0
2022-04-22,6214985,4273.0
2022-04-23,6219409,4424.0
2022-04-24,6224067,4658.0
2022-04-25,6225751,1684.0
2022-04-26,6226673,922.0
2022-04-27,6229378,2705.0
2022-04-28,6233158,3780.0
2022-04-29,6236907,3749.0
2022-04-30,6241074,4167.0
2022-05-01,6244826,3752.0
2022-05-02,6244826,0.0
2022-05-03,6245659,833.0
2022-05-04,6248403,2744.0
2022-05-05,6252446,4043.0
2022-05-06,6256192,3746.0
2022-05-07,6256376,184.0
2022-05-08,6260335,3959.0
2022-05-09,6262278,1943.0
2022-05-10,6262975,697.0
2022-05-11,6265656,2681.0
